3.273844 3.257715 3.253804 3.257715 3.285931
3.285931 3.277995 3.253804 3.241321 3.224654
3.229014 3.194974 3.18628 3.168661 3.177509
3.212139 3.207704 3.207704 3.190462 3.194974
3.220612 3.233022 3.216215 3.224654 3.229014
3.241321 3.257715 3.265812 3.245609 3.265812
3.253804 3.241321 3.241321 3.241321 3.212139
3.233022 3.216215 3.253804 3.324689 3.289717
3.305343 3.29756 3.324689 3.317057 3.339782
3.328332 3.335879 3.34337 3.332264 3.324689
3.347243 3.339782 3.339782 3.347243 3.335879
3.3693 3.380004 3.380004 3.365511 3.39088
3.397971 3.383738 3.350805 3.362001 3.354649
3.328332 3.358185 3.39088 3.376545 3.350805
3.354649 3.358185 3.362001 3.339782 3.347243
3.328332 3.339782 3.339782 3.320728 3.34337
3.324689 3.317057 3.289717 3.285931 3.265812
3.257715 3.293803 3.309366 3.317057 3.339782
3.320728 3.335879 3.362001 3.373663 3.373663
3.384618 3.373663 3.373663 3.384618 3.370179
3.370179 3.366391 3.384618 3.398851 3.398851
3.388052 3.39517 3.412884 3.430016 3.436842
3.450356 3.423143 3.412884 3.430016 3.430016
3.402237 3.402237 3.388052 3.398851 3.380884
3.388052 3.380884 3.405892 3.412884 3.402237
3.423143 3.443622 3.419828 3.423143 3.436842
3.433572 3.423143 3.402237 3.391759 3.402237
3.377424 3.391759 3.366391 3.362881 3.359065
3.398851 3.388052 3.39517 3.384618 3.384618
3.377424 3.370179 3.366391 3.384618 3.405892
3.388052 3.39517 3.391759 3.388052 3.388052
3.405892 3.391759 3.388052 3.388052 3.370179
3.355529 3.355529 3.348123 3.362881 3.373663
3.388052 3.388052 3.398851 3.416223 3.402237
3.405892 3.398851 3.391759 3.377424 3.373663
3.388052 3.373663 3.370179 3.370179 3.366391
3.377424 3.380884 3.366391 3.359065 3.355529
3.362881 3.366391 3.380884 3.362881 3.344249
3.348123 3.340661 3.329212 3.317936 3.321607
3.336759 3.321607 3.321607 3.336759 3.333143
3.310245 3.29844 3.274723 3.28681 3.317936
3.317936 3.344249 3.355529 3.351684 3.377424
3.380884 3.362881 3.344249 3.348123 3.351684
3.373663 3.380884 3.388052 3.384618 3.388052
3.391759 3.426723 3.430841 3.413709 3.410079
3.410079 3.437667 3.447954 3.461331 3.444447
3.461331 3.45787 3.444447 3.423968 3.410079
3.420653 3.420653 3.417048 3.427548 3.413709
3.430841 3.406717 3.410079 3.417048 3.447954
3.464514 3.464514 3.49066 3.506787 3.513115
3.522408 3.487558 3.464514 3.477673 3.481065
3.49066 3.481065 3.497091 3.534831 3.531864
3.519404 3.538036 3.538036 3.55318 3.538036
3.528639 3.577133 3.60629 3.620669 3.623384
3.565228 3.580206 3.568337 3.55318 3.565228
3.600526 3.577133 3.594729 3.612021 3.571199
3.577133 3.571199 3.574289 3.583033 3.574289
3.571199 3.559222 3.55318 3.519404 3.522408
3.522408 3.540985 3.516139 3.522408 3.50348
3.516139 3.525404 3.50983 3.494009 3.494009
3.497091 3.50348 3.522408 3.543925 3.591934
3.600526 3.565228 3.559222 3.55318 3.556085
3.568337 3.556327 3.585853 3.577133 3.597516
3.588898 3.565228 3.571199 3.554391 3.538528
3.536065 3.528639 3.532359 3.549537 3.544659
3.565228 3.560426 3.555601 3.565228 3.56283
3.549537 3.543436 3.574764 3.601682 3.593566
3.593566 3.590067 3.599369 3.595891 3.599369
3.594729 3.592401 3.593566 3.590067 3.583033
3.586556 3.583033 3.585383 3.585031 3.58855
3.602504 3.600191 3.577955 3.529461 3.511917
3.506847 3.506847 3.49663 3.48371 3.497913
3.491482 3.488898 3.488898 3.49663 3.486307
3.447968 3.467982 3.460024 3.452003 3.438489
3.446619 3.460024 3.458692 3.462684 3.497913
3.482408 3.511917 3.520727 3.485009 3.458692
3.445269 3.41787 3.406696 3.434399 3.443917
3.443917 3.42892 3.413694 3.422028 3.447968
3.437128 3.430292 3.478494 3.481105 3.500473
3.504302 3.494059 3.516961 3.501751 3.501751
3.49019 3.458692 3.458692 3.437128 3.460024
3.469302 3.462684 3.47062 3.467982 3.464011
3.460024 3.469302 3.456022 3.443917 3.460024
3.464011 3.458692 3.45066 3.426169 3.42892
3.42892 3.42892 3.447968 3.45066 3.434399
3.433032 3.42341 3.415088 3.409502 3.427545
3.415088 3.378205 3.37531 3.362181 3.396816
3.431663 3.402474 3.401063 3.410901 3.415088
3.420644 3.426169 3.420644 3.412299 3.406696
3.398234 3.388269 3.4081 3.422028 3.42479
3.41787 3.420644 3.42341 3.396816 3.406696
3.392552 3.388269 3.389699 3.37531 3.362181
3.383968 3.401063 3.420644 3.467982 3.471937
3.464011 3.460024 3.45066 3.437128 3.469302
3.438489 3.439849 3.433032 3.497913 3.51534
3.553687 3.536551 3.512814 3.46888 3.506473
3.530359 3.529116 3.525377 3.5549 3.485907
3.511549 3.493669 3.530359 3.542705 3.539017
3.551257 3.517859 3.521625 3.521625 3.5166
3.511549 3.5052 3.488501 3.462253 3.422926
3.43393 3.406189 3.436662 3.427066 3.429818
3.403372 3.392024 3.413197 3.442104 3.421542
3.422926 3.406189 3.401961 3.424308 3.44346
3.442104 3.447517 3.428443 3.429818 3.436662
3.421542 3.414592 3.397714 3.413197 3.408998
3.396295 3.425688 3.436662 3.417378 3.363079
3.404781 3.407594 3.440747 3.446167 3.460922
3.460922 3.438025 3.482003 3.491088 3.475463
3.46888 3.454242 3.428443 3.415986 3.424308
3.436662 3.429818 3.432561 3.424308 3.410399
3.425688 3.428443 3.408998 3.410399 3.404781
3.390597 3.397714 3.355709 3.322624 3.334782
3.349775 3.33024 3.325677 3.311863 3.314949
3.308767 3.340806 3.318026 3.307215 3.288406
3.299421 3.337799 3.319561 3.328721 3.308767
3.286822 3.252975 3.262763 3.278867 3.275667
3.270847 3.283648 3.282057 3.308767 3.314949
3.357188 3.361609 3.399132 3.392024 3.368935
3.358664 3.361609 3.348286 3.349775 3.348286
3.346794 3.357188 3.368935 3.396295 3.388873
3.405918 3.388873 3.365683 3.349423 3.323761
3.344942 3.349423 3.359801 3.368611 3.374442
3.380239 3.372988 3.359801 3.349423 3.326814
3.328337 3.297423 3.260648 3.252472 3.2752
3.2752 3.240911 3.239248 3.240911 3.213973
3.175708 3.161422 3.21908 3.201956 3.235915
3.25575 3.225848 3.210554 3.220776 3.259018
3.291124 3.252472 3.260648 3.254112 3.244228
3.252472 3.267142 3.268759 3.286373 3.286373
3.280004 3.250828 3.273594 3.291124 3.329858
3.332893 3.326814 3.335919 3.309904 3.319163
3.322231 3.297423 3.305242 3.308352 3.317626
3.314544 3.323761 3.308352 3.298992 3.283194
3.2816 3.283194 3.2752 3.2639 3.222469
3.242571 3.252472 3.237583 3.240911 3.21908
3.215678 3.234244 3.260648 3.270373 3.232571
3.249182 3.286373 3.329858 3.319163 3.338936
3.370072 3.353884 3.338936 3.356847 3.335919
3.326814 3.349423 3.325289 3.337428 3.332893
3.319163 3.302122 3.287959 3.267142 3.295852
3.329858 3.326814 3.252472 3.165012 3.207124
3.166803 3.21738 3.198496 3.200227 3.193283
3.18629 3.16859 3.141439 3.137763 3.130369
3.047229 3.094482 3.08676 3.100235 3.08676
3.077023 3.08676 3.078978 3.05726 3.022738
2.99504 2.977873 2.99291 2.980035 2.99504
2.999287 2.938132 2.969177 2.953775 2.915352
2.969177 2.9648 3.001403 3.032623 3.032623
3.109508 3.101889 3.074756 3.094212 3.128306
3.164873 3.128306 3.144927 3.120829 3.135727
3.068844 3.024393 3.044843 2.966991 2.953775
2.929082 3.024393 3.046865 3.092283 3.122704
3.120829 3.068844 3.080632 3.088414 3.161276
3.175587 3.208778 3.22243 3.184429 3.182667
3.184429 3.122704 3.172029 3.179133 3.182667
3.198415 3.182667 3.182667 3.182667 3.20015
3.20015 3.152226 3.139417 3.126442 3.107609
3.084531 3.064884 3.068844 3.113296 3.144927
3.146757 3.135727 3.144927 3.141257 3.157666
3.194937 3.210495 3.189697 3.179133 3.189697
3.184429 3.154042 3.144927 3.120829 3.132023
3.191447 3.193193 3.166667 3.237569 3.275248
3.272027 3.262303 3.245882 3.267177 3.305337
3.325415 3.303776 3.329992 3.295933 3.311558
3.280059 3.284848 3.275248 3.254126 3.260673
3.316198 3.354053 3.364401 3.334548 3.308452
3.325415 3.343597 3.305337 3.288028 3.289614
3.294357 3.291197 3.26393 3.286439 3.310006
3.278458 3.273639 3.286439 3.297506 3.26393
3.249188 3.252483 3.254126 3.247536 3.198415
3.171808 3.194757 3.173592 3.133587 3.157419
3.150147 3.139137 3.139137 3.182466 3.14832
3.122393 3.074353 3.066448 3.038277 3.074353
3.101539 3.101539 3.120515 3.112968 3.133587
3.124267 3.139137 3.14832 3.142821 3.171808
3.140981 3.15197 3.14649 3.175373 3.16464
3.139137 3.128006 3.120515 3.13173 3.118633
3.140981 3.14832 3.161036 3.144657 3.15197
3.120515 3.118633 3.126138 3.112968 3.084147
3.088038 3.046407 3.056478 3.06843 3.074353
3.062472 3.060478 3.021816 3.019739 3.02802
3.005079 3.019739 3.032136 3.054471 3.070408
3.086095 3.074353 3.040316 3.019739 2.955339
2.879353 2.852685 2.862465 2.895961 2.99234
3.074353 3.07632 3.06843 3.150147 3.13173
3.124267 3.112968 3.10727 3.15379 3.175373
3.142821 3.15197 3.203445 3.263866 3.273591
3.313122 3.240801 3.263866 3.322381 3.379113
3.310016 3.320844 3.396379 3.376206 3.326979
3.29592 3.25733 3.31157 3.331555 3.306901
3.30221 3.29592 3.265494 3.265494 3.2491
3.310016 3.31157 3.323916 3.330032 3.300641
3.292761 3.349656 3.396379 3.360065 3.34816
3.336111 3.317762 3.358584 3.337625 3.30846
3.30221 3.34816 3.343658 3.342154 3.35413
3.336111 3.316218 3.312962 3.298888 3.258722
3.258722 3.250492 3.196149 3.215164 3.22877
3.210014 3.194402 3.248838 3.218583 3.232143
3.233825 3.292569 3.258722 3.245521 3.22199
3.197893 3.208292 3.232143 3.250492 3.22877
3.235504 3.233825 3.22877 3.255438 3.290983
3.312962 3.319154 3.281414 3.271752 3.261996
3.258722 3.26036 3.247181 3.242193 3.245521
3.22877 3.225386 3.1909 3.167829 3.174984
3.203106 3.22877 3.238854 3.216875 3.250492
3.247181 3.245521 3.185623 3.187385 3.169622
3.211734 3.230458 3.194402 3.1732 3.144213
3.155182 3.142373 3.129398 3.11814 3.136833
3.123785 3.12753 3.129398 3.125659 3.153362
3.147882 3.196149 3.194402 3.199634 3.203106
3.199634 3.162428 3.155182 3.160621 3.160621
3.174984 3.171413 3.147882 3.164232 3.146049
3.120025 3.085539 3.051839 3.09137 3.081633
3.06187 3.06784 3.065854 3.033528 3.0718
3.099092 3.093306 3.063864 3.101013 3.1732
3.199634 3.180318 3.155182 3.187385 3.1909
3.167829 3.211734 3.242193 3.252143 3.22369
3.265258 3.26036 3.334468 3.361457 3.238854
3.155182 3.1732 3.164232 3.189144 3.180318
3.133122 3.099092 3.11814 3.104845 3.104845
3.045773 3.055864 3.09144 3.079722 3.06388
3.06388 3.077755 3.122035 3.11637 3.112575
3.081684 3.053849 3.081684 3.114474 3.09144
3.09144 3.081684 3.089497 3.112575 3.103023
3.079722 3.135132 3.125795 3.135132 3.125795
3.146223 3.189395 3.194663 3.194663 3.144383
3.133272 3.103023 3.12015 3.097249 3.09338
3.095316 3.085598 3.075785 3.071832 3.085598
3.125795 3.146223 3.138843 3.127669 3.138843
3.144383 3.189395 3.173423 3.203381 3.229089
3.220593 3.205116 3.255802 3.229089 3.250848
3.220593 3.208576 3.199903 3.220593 3.17521
3.187633 3.189395 3.213744 3.178775 3.168042
3.213744 3.198159 3.180553 3.203381 3.199903
3.199903 3.17521 3.191154 3.180553 3.189395
3.17521 3.146223 3.168042 3.148059 3.149892
3.148059 3.164438 3.213744 3.224 3.220593
3.240864 3.412538 3.398354 3.331909 3.308742
3.339513 3.405471 3.336478 3.297744 3.257448
3.240864 3.247531 3.314972 3.264006 3.267268
3.247531 3.222298 3.213744 3.237514 3.215461
3.196412 3.131408 3.146223 3.135132 3.140693
3.101102 3.12954 3.114474 3.101102 3.071832
3.083643 3.123917 3.17521 3.110672 3.103023
3.118262 3.108765 3.101102 3.104941 3.108765
3.089497 3.164438 3.189395 3.206847 3.196394
3.121882 3.121882 3.114306 3.100909 3.100909
3.08733 3.140574 3.133139 3.104755 3.102834
3.116206 3.08733 3.112403 3.114306 3.144271
3.123767 3.136864 3.121882 3.123767 3.127526
3.121882 3.09898 3.093172 3.081453 3.089281
3.095112 3.073563 3.073563 3.08733 3.075542
3.063613 3.049514 3.061611 3.077516 3.063613
3.053563 3.049514 3.022791 3.016522 3.001738
3.03932 3.0081 2.997473 3.001738 2.999608
3.010212 3.114306 3.095112 3.063613 3.125649
3.135003 3.118101 3.083416 3.09898 3.09898
3.065611 3.095112 3.112403 3.119994 3.071581
3.026949 3.03109 3.020706 3.0081 3.026949
3.018616 3.001738 2.986732 3.059605 3.026949
3.037269 3.010212 3.035214 3.03109 3.03932
3.03932 3.016522 3.03109 3.071581 3.03109
3.033154 3.037269 3.0081 3.005984 2.993191
2.98457 2.958253 2.993191 3.047484 3.057595
3.033154 3.016522 3.018616 3.035214 3.016522
2.997473 3.073563 3.063613 3.055581 3.063613
3.071581 3.075542 3.04341 3.03932 3.071581
3.059605 3.063613 3.164363 3.173364 3.16617
3.133139 3.133139 3.149791 3.158923 3.149791
3.138721 3.151624 3.162553 3.114306 3.112403
3.106673 3.147954 3.176942 3.146114 3.153454
3.167973 3.175155 3.15528 3.142424 3.162553
3.201634 3.203375 3.176942 3.180507 3.16617
3.194641 3.182285 3.189364 3.173364 3.169773
3.144271 3.123767 3.104755 3.114306 3.091228
3.095112 3.104755 3.149791 3.114306 3.131272
3.131272 3.09898 3.09898 3.09898 3.108587
3.142424 3.133139 3.129401 3.108587 3.121882
3.116206 3.085375 3.065611 3.037269 3.022791
3.018616 3.018616 3.018616 3.016522 3.0081
3.033154 3.037269 3.001738 3.0081 3.014423
3.01232 3.010212 3.085375 3.077516 3.079486
3.100909 3.071581 3.055581 3.035214 3.03109
3.014423 3.022791 3.03109 3.018616 3.005984
2.999608 2.997473 3.0081 3.016522 3.035214
3.0081 3.03109 3.022791 3.014423 3.014423
3.010212 2.986732 2.971498 2.962687 2.942575
2.967102 2.973688 2.967102 2.956028 2.991042
2.964897 2.975874 2.964897 2.953798 2.958253
2.91279 2.898739 2.91279 2.874871 2.942575
2.89401 2.884486 2.852892 2.837967 2.832941
2.84047 2.84047 2.799648 2.80743 2.842966
2.886876 2.891638 2.852892 2.860272 2.870028
2.874871 2.884486 2.88926 2.87969 2.903444
2.867598 2.867598 2.870028 2.877284 2.898739
2.877284 2.884486 2.915113 2.94483 2.942575
2.931224 2.978055 2.978055 2.962687 2.98457
3.005984 3.033154 2.975874 3.033154 3.059605
3.063213 3.026119 3.030263 2.980232 2.991042
3.03109 3.040959 3.071581 3.112022 3.075542
3.063613 3.060408 3.049514 3.04789 3.085766
3.035214 3.010212 2.973688 2.991042 3.002588
3.01232 2.988027 3.003863 2.989321 2.993191
2.986732 2.972813 2.975 3.03932 3.022791
2.981969 2.986732 2.986732 2.954691 2.978055
2.982403 2.98457 2.98457 2.965339 2.942123
2.955137 2.93396 2.928938 2.931681 2.924351
2.915113 2.921589 2.971059 2.973688 2.94483
2.93578 2.975874 3.010634 3.04667 3.059605
3.05679 3.061611 3.044226 3.071581 3.0688
3.071581 3.131272 3.097048 3.102834 3.067605
3.059605 3.024457 2.956028 2.98889 2.994477
3.003863 3.002588 2.971498 2.978055 2.962245
2.949324 2.938957 2.947529 2.93578 2.975874
3.014423 3.014423 3.018616 3.030677 3.026119
3.005984 3.022791 3.049108 3.02985 3.052754
3.057193 3.040549 3.016522 3.037269 3.026949
3.077122 3.097821 3.069595 3.09898 3.102834
3.067605 3.059605 3.093172 3.081453 3.135003
3.138721 3.125649 3.135003 3.121882 3.16074
3.17157 3.218906 3.178013 3.164363 3.131272
3.149057 3.147954 3.118101 3.100909 3.075542
3.08733 3.08733 3.073563 3.059203 3.037269
3.076727 3.071581 3.108969 3.102449 3.117343
3.088891 3.093172 3.083416 3.055178 3.051541
3.065611 3.014423 3.005984 2.997901 2.976747
2.98457 2.962687 2.975874 2.955137 2.953798
2.947978 2.94483 2.999608 3.001738 3.022791
2.980232 2.997473 3.01232 3.018616 3.025704
3.010212 3.026949 3.020706 2.991042 2.999608
2.980232 2.967102 2.967102 2.94573 2.94528
2.968863 2.997473 3.050731 3.022791 3.063613
3.04789 3.065611 3.080274 3.101294 3.081846
3.094336 3.091228 3.097435 3.09898 3.081453
3.057595 3.061611 3.061611 3.057595 3.037269
3.047077 3.041776 3.065212 3.071581 3.136864
3.175155 3.108587 3.110878 3.129401 3.146114
3.140574 3.107821 3.093948 3.150525 3.167973
3.162191 3.17157 3.181929 3.142055 3.125649
3.138721 3.093172 3.063613 3.071184 3.09898
3.083416 3.108587 3.123767 3.08733 3.067207
3.047484 3.035214 3.049514 3.075542 3.059605
3.057595 3.061611 3.053563 3.063613 3.086548
3.064413 3.066409 3.089281 3.053563 3.069993
3.073959 3.043819 3.027779 2.999608 2.98457
2.948876 2.98457 2.972813 2.979362 2.967102
2.967102 2.999608 3.001738 3.005984 3.01232
3.026949 3.01232 3.03439 3.037269 3.013582
3.012741 3.018616 3.041368 3.047484 3.093172
3.083416 3.11126 3.080274 3.102834 3.105523
3.104755 3.079486 3.069595 3.081453 3.091228
3.117722 3.131272 3.143902 3.117343 3.15528
3.164363 3.158923 3.158196 3.16617 3.175155
3.16617 3.141685 3.135748 3.141315 3.107439
3.105523 3.149791 3.131272 3.142424 3.140204
3.151624 3.160014 3.201634 3.240922 3.207887
3.244267 3.262464 3.192886 3.213756 3.229805
3.242596 3.22403 3.220617 3.189364 3.185477
3.237566 3.213756 3.199891 3.245601 3.217192
3.205113 3.212378 3.187599 3.182285 3.203723
3.161466 3.140574 3.175155 3.189717 3.17157
3.169773 3.159287 3.199891 3.196044 3.197095
3.185831 3.198494 3.229128 3.203375 3.2476
3.217192 3.25291 3.240922 3.207194 3.199891
3.201634 3.180507 3.16074 3.189012 3.16617
3.18335 3.18335 3.173364 3.210653 3.189364
3.201634 3.207194 3.247267 3.249595 3.264102
3.305775 3.30891 3.299475 3.314839 3.334861
3.339729 3.36075 3.320424 3.33364 3.349694
3.365198 3.371098 3.328129 3.320424 3.32905
3.368152 3.397224 3.390901 3.41427 3.404362
3.376671 3.417083 3.379883 3.356283 3.350895
3.372861 3.365198 3.334861 3.353293 3.304204
3.262136 3.285155 3.253903 3.222666 3.274198
3.264102 3.273874 3.249263 3.282588 3.291545
3.281945 3.288355 3.264102 3.240922 3.206154
3.185831 3.184059 3.185831 3.147954 3.185123
3.229128 3.217192 3.199891 3.187246 3.129401
3.139833 3.09898 3.119615 3.127526 3.071978
2.973688 2.982403 2.967102 2.94483 2.978926
3.012741 3.040549 3.053563 3.062813 3.018616
3.036036 3.032742 3.076727 3.053563 3.058802
3.022791 3.063613 3.045449 3.008946 2.995334
2.975874 3.014003 2.988459 3.006831 3.036036
3.029022 3.057997 3.073563 3.077911 3.059605
3.100909 3.091228 3.125649 3.102064 3.119994
3.16617 3.16074 3.169414 3.143902 3.128277
3.152722 3.174439 3.15455 3.201634 3.179439
3.057997 3.014423 3.053563 3.04992 3.048702
3.051136 3.059203 3.038911 2.994477 2.982837
2.953352 2.975874 2.956918 2.960916 2.967102
2.958697 2.956028 2.999608 2.979362 2.985868
3.016522 3.03109 3.001312 3.03809 2.999608
3.03109 3.044634 3.057595 3.083416 3.089281
3.069595 3.052754 3.067605 3.033154 3.03768
3.075542 3.06601 3.04341 3.053159 3.018197
3.012741 2.986732 2.980232 2.983704 2.973688
2.955137 2.967102 3.016522 3.016102 3.013582
3.026949 3.010634 2.986732 2.998328 3.047484
3.062813 3.088111 3.049514 3.041368 3.010212
3.005984 3.048296 3.024872 3.04789 3.0385
3.037269 3.051541 3.060408 3.04341 3.020706
3.042185 3.020288 3.029022 3.016522 2.985435
3.003863 3.03932 3.026949 3.03109 3.020288
3.045449 3.077911 3.102834 3.062012 3.083024
3.066808 3.083416 3.067605 3.053563 3.086157
3.062012 3.071581 3.065611 3.046264 3.073563
3.024872 3.0584 3.022791 3.03109 3.037269
3.0385 3.03768 3.018197 3.019452 3.000886
3.022374 3.014423 3.02404 2.997046 2.985003
2.97062 2.964897 2.942575 2.924351 2.905789
2.915577 2.884486 2.921128 2.916041 2.947079
2.953798 2.94618 2.931224 2.91279 2.914185
2.910462 2.908128 2.967543 2.987164 2.953798
2.94483 2.939862 2.940315 2.94618 2.94528
2.957808 2.952905 2.942575 2.942575 2.948876
2.953798 2.951116 2.975 2.957363 2.963572
2.933049 2.926647 2.922971 2.91186 2.926189
2.93941 2.938503 2.958253 2.951116 2.954691
3.000034 3.014423 3.029022 3.000886 3.026534
3.033978 3.0081 3.054774 3.070787 3.069993
3.059605 3.06121 3.04667 3.016102 3.026119
3.018616 3.033154 3.040549 3.055581 3.06601
3.059605 3.051136 3.035625 3.043002 3.03439
3.033566 3.048702 3.077516 3.055984 3.067605
3.063213 3.040959 3.009368 3.0081 3.016102
3.010212 3.022374 3.043002 3.031503 3.035625
3.018616 3.010212 3.008946 3.010212 3.016102
3.023208 3.013162 2.998328 3.01232 3.016522
3.035625 3.053967 3.081453 3.08733 3.089281
3.083416 3.034802 3.016522 3.025704 3.014423
3.033154 3.047484 3.055581 3.09045 3.092395
3.079486 3.080667 3.095112 3.089281 3.06601
3.116206 3.16617 3.150158 3.140574 3.132393
3.137978 3.176942 3.182285 3.186185 3.165447
3.16617 3.176942 3.197095 3.19183 3.19429
3.173364 3.171929 3.136864 3.146851 3.140574
3.142055 3.125649 3.136492 3.143163 3.15601
3.133512 3.108587 3.073959 3.075937 3.080667
3.083416 3.088111 3.060408 3.057595 3.057193
3.064413 3.068402 3.057595 3.058802 3.047484
3.063613 3.043819 3.047484 3.090839 3.079093
3.071581 3.08733 3.080667 3.078699 3.091228
3.08106 3.089281 3.083808 3.075542 3.095112
3.094336 3.110878 3.109733 3.121882 3.16617
3.153454 3.158923 3.151624 3.176942 3.187599
3.176942 3.184059 3.169773 3.18264 3.217192
3.211086 3.19785 3.226537 3.2197 3.232313
3.225515 3.235019 3.223124 3.202398 3.173359
3.203096 3.20623 3.21867 3.190107 3.208314
3.219357 3.214541 3.214541 3.211778 3.209008
3.209008 3.249775 3.236707 3.225174 3.237044
3.24644 3.236707 3.223808 3.214885 3.205883
3.198902 3.183726 3.157788 3.133405 3.151197
3.130409 3.148622 3.157423 3.128908 3.126274
3.113004 3.1349 3.114911 3.091398 3.11453
3.131534 3.12023 3.116814 3.133779 3.152298
3.168316 3.164698 3.183014 3.167232 3.165785
3.168677 3.18159 3.150462 3.150829 3.135273
3.134527 3.157423 3.145671 3.152298 3.151564
3.161431 3.137511 3.143822 3.151564 3.182302
3.200651 3.200651 3.175154 3.183014 3.189046
3.178735 3.205883 3.224491 3.228239 3.23637
3.223466 3.242759 3.237044 3.243095 3.25177
3.261687 3.277353 3.281232 3.283809 3.297232
3.269225 3.271507 3.276057 3.281877 3.299135
3.228239 3.209355 3.2197 3.233328 3.211086
3.188338 3.181233 3.207967 3.193634 3.183014
3.153399 3.105341 3.119472 3.110329 3.114149
3.161431 3.153399 3.128156 3.083961 3.101488
3.116814 3.112241 3.098394 3.112622 3.120988
3.139743 3.148622 3.13602 3.157423 3.185147
3.191519 3.199799 3.187797 3.200851 3.184952
3.179596 3.160073 3.160073 3.167711 3.161532
3.116799 3.109529 3.107991 3.100269 3.12288
3.133434 3.142021 3.136429 3.141277 3.148321
3.159708 3.174931 3.169159 3.139415 3.120983
3.130054 3.126284 3.124394 3.111064 3.140161
3.158611 3.16952 3.169159 3.15788 3.157514
3.149429 3.142021 3.131558 3.130806 3.115272
3.119844 3.099494 3.096775 3.080699 3.056698
3.068771 3.085431 3.087003 3.070369 3.052641
3.058316 3.053454 3.05386 3.046116 3.038311
3.04816 3.064361 3.06997 3.071168 3.10876
3.117561 3.100269 3.086611 3.10491 3.094438
3.11183 3.096775 3.119464 3.126662 3.10491
3.092878 3.076739 3.06957 3.072763 3.06997
3.088965 3.094048 3.083462 3.072763 3.077135
3.068771 3.092096 3.086611 3.084644 3.086611
3.089749 3.098329 3.11068 3.130806 3.128924
3.139043 3.157148 3.161532 3.153112 3.151272
3.119083 3.092487 3.093658 3.098329 3.091706
3.11068 3.136803 3.131558 3.13867 3.165534
3.166623 3.153112 3.149429 3.167711 3.137177
3.116417 3.123259 3.140905 3.165171 3.167348
3.178521 3.142021 3.147582 3.169159 3.165171
3.180312 3.20888 3.218569 3.235978 3.25309
3.236655 3.216156 3.228165 3.252978 3.258299
3.223883 3.234468 3.212837 3.214224 3.205171
3.200262 3.187884 3.209011 3.202018 3.211795
3.203421 3.213184 3.201667 3.203771 3.21941
3.236504 3.233109 3.229702 3.225598 3.214224
3.224569 3.21941 3.184676 3.172463 3.15054
3.149801 3.159001 3.1663 3.146097 3.134152
3.142752 3.137152 3.161927 3.159001 3.164116
3.16993 3.182531 3.163387 3.162657 3.163751
3.16739 3.151648 3.140143 3.160465 3.157168
3.157901 3.144984 3.146097 3.158634 3.186103
3.193561 3.201667 3.194976 3.210752 3.233109
3.239888 3.239551 3.274094 3.279629 3.274747
3.28287 3.273114 3.261941 3.286424 3.28287
3.295732 3.280602 3.305271 3.291249 3.278004
3.288035 3.278004 3.280278 3.281251 3.281251
3.259956 3.243598 3.222852 3.2111 3.211795
3.2111 3.206918 3.212489 3.21941 3.222852
3.21941 3.224226 3.232428 3.237182 3.231066
3.225255 3.222509 3.222852 3.188239 3.184319
3.188951 3.197094 3.191436 3.180741 3.178947
3.185389 3.188951 3.155699 3.163387 3.191436
3.200262 3.202369 3.217684 3.211795 3.209708
3.203771 3.194976 3.188239 3.157901 3.157168
3.153491 3.168117 3.170654 3.17535 3.159001
3.191436 3.205171 3.192853 3.212097 3.211051
3.207557 3.223874 3.202293 3.218003 3.207557
3.192747 3.200532 3.206506 3.229368 3.23959
3.219041 3.233469 3.267667 3.269971 3.256397
3.258728 3.261716 3.272926 3.278485 3.263042
3.268984 3.311516 3.2762 3.267996 3.256064
3.261385 3.263042 3.254729 3.267007 3.244999
3.245336 3.227997 3.222151 3.211051 3.222495
3.236194 3.256397 3.262048 3.259393 3.254729
3.258728 3.255063 3.256397 3.280764 3.305822
3.314037 3.312777 3.318119 3.310885 3.317806
3.349584 3.346238 3.335824 3.324678 3.316551
3.32031 3.314666 3.304552 3.299776 3.271942
3.290154 3.290154 3.297859 3.278811 3.292729
3.32499 3.335208 3.332123 3.333358 3.342575
3.345628 3.350191 3.320936 3.342575 3.360156
3.388594 3.370023 3.356544 3.37891 3.369726
3.374476 3.372697 3.362257 3.373884 3.389178
3.372697 3.373587 3.356845 3.343797 3.350191
3.37151 3.356845 3.330576 3.330267 3.311832
3.322185 3.296899 3.280439 3.253727 3.320936
3.306139 3.318432 3.277832 3.285632 3.315923
3.244662 3.233469 3.251384 3.24196 3.256064
3.257063 3.251384 3.275219 3.267007 3.293693
3.277832 3.263042 3.311516 3.314666 3.311516
3.330267 3.341045 3.313092 3.317806 3.317806
3.319032 3.309557 3.294206 3.310191 3.28936
3.284166 3.29967 3.327485 3.345097 3.326861
3.318089 3.310508 3.290331 3.297424 3.316829
3.313674 3.309239 3.317144 3.314306 3.31399
3.326549 3.357576 3.337719 3.364809 3.38473
3.385024 3.4146 3.41317 3.396436 3.379712
3.382077 3.399341 3.421717 3.400501 3.388549
3.42455 3.405991 3.40108 3.392938 3.396727
3.39498 3.397018 3.407144 3.434402 3.42455
3.407719 3.382077 3.407431 3.377936 3.355759
3.35485 3.355759 3.340184 3.359087 3.338336
3.356062 3.352116 3.364208 3.352724 3.375265
3.310825 3.330908 3.300311 3.29485 3.300311
3.321858 3.317774 3.301591 3.29967 3.278616
3.255772 3.271059 3.276978 3.280252 3.284491
3.282863 3.287091 3.291625 3.275338 3.267425
3.260782 3.280252 3.291948 3.274023 3.303828
3.327485 3.317774 3.343871 3.339568 3.369901
3.392062 3.374968 3.376156 3.346627 3.355759
3.360294 3.401659 3.405703 3.423701 3.373778
3.394397 3.383256 3.390307 3.398761 3.363607
3.385612 3.398761 3.403105 3.397308 3.458207
3.494203 3.488381 3.50861 3.513799 3.496838
3.476098 3.436082 3.437479 3.399921 3.39177
3.391477 3.408869 3.37675 3.390892 3.392646
3.394198 3.380942 3.377376 3.384198 3.381238
3.364496 3.352364 3.328586 3.317589 3.294577
3.278608 3.26238 3.274988 3.301344 3.303909
3.280577 3.291663 3.307107 3.302627 3.319482
3.321688 3.303269 3.303269 3.343475 3.358449
3.377079 3.369908 3.3735 3.377674 3.38538
3.405258 3.396829 3.364798 3.397121 3.374993
3.359661 3.388917 3.344091 3.332018 3.348389
3.374396 3.39068 3.378864 3.404389 3.410742
3.434915 3.452186 3.444423 3.444423 3.449697
3.464264 3.44498 3.421621 3.399452 3.413904
3.422475 3.41333 3.433509 3.471333 3.482916
3.480502 3.459889 3.466444 3.45329 3.455219
3.45632 3.473768 3.471062 3.49463 3.476467
3.445536 3.423328 3.363893 3.350531 3.366905
3.321688 3.351448 3.374396 3.342551 3.327023
3.342859 3.347163 3.343783 3.376781 3.406126
3.396829 3.39887 3.406704 3.327336 3.347163
3.359358 3.352059 3.360569 3.335438 3.361477
3.387739 3.397704 3.397996 3.388917 3.404679
3.383903 3.396245 3.390093 3.40265 3.394784
3.374396 3.389211 3.41103 3.423897 3.417341
3.41333 3.383607 3.387445 3.366604 3.388034
3.367507 3.376483 3.366905 3.371406 3.345013
3.345013 3.345321 3.365701 3.360569 3.365099
3.374993 3.379458 3.394634 3.405148 3.44334
3.439417 3.446969 3.430676 3.418997 3.432374
3.41325 3.419284 3.412385 3.41871 3.441661
3.425281 3.419856 3.429543 3.41469 3.413538
3.403403 3.435761 3.447248 3.445854 3.455017
3.421858 3.421858 3.409786 3.406309 3.409207
3.395514 3.39022 3.396101 3.396687 3.394634
3.391694 3.371767 3.378354 3.375964 3.411231
3.41871 3.411808 3.401656 3.403403 3.414114
3.416702 3.438856 3.436325 3.449751 3.452803
3.446969 3.460254 3.451972 3.439979 3.453357
3.465191 3.467651 3.460529 3.466832 3.459154
3.484162 3.463 3.449751 3.45998 3.421858
3.41957 3.402821 3.381631 3.361502 3.372068
3.36906 3.362715 3.356939 3.372368 3.338787
3.344669 3.363926 3.361805 3.378653 3.369361
3.386675 3.384305 3.386971 3.385491 3.378653
3.378653 3.375066 3.361198 3.369662 3.385787
3.392282 3.384305 3.381334 3.378653 3.362108
3.358462 3.373868 3.379845 3.374467 3.367251
3.346211 3.349288 3.332246 3.328489 3.334431
3.324403 3.328175 3.305324 3.305324 3.354191
3.380441 3.387267 3.396394 3.405439 3.398443
3.371467 3.378056 3.359679 3.367855 3.358766
3.345594 3.34898 3.333495 3.338787 3.314591
3.305645 3.312362 3.293533 3.29907 3.308445
3.312298 3.304576 3.30296 3.284677 3.272077
3.272411 3.284677 3.274077 3.27707 3.284677
3.310052 3.310694 3.317094 3.314539 3.329458
3.331346 3.30393 3.275741 3.295165 3.288623
3.305222 3.323137 3.323771 3.329458 3.342604
3.362309 3.370204 3.359255 3.378638 3.386108
3.376837 3.381932 3.434062 3.44843 3.459004
3.460939 3.442257 3.439721 3.408191 3.395
3.443102 3.42837 3.414866 3.422646 3.423507
3.439721 3.451781 3.449269 3.456232 3.439439
3.42322 3.405567 3.34973 3.350964 3.383724
3.400591 3.436896 3.41226 3.418908 3.394705
3.363527 3.390861 3.378338 3.4079 3.429796
3.42837 3.512094 3.526686 3.534416 3.539281
3.528236 3.515762 3.517591 3.520458 3.542341
3.541832 3.583499 3.558006 3.56076 3.540812
3.529011 3.543868 3.559509 3.582032 3.540302
3.544884 3.57071 3.565498 3.589104 3.58959
3.583255 3.591046 3.610264 3.591531 3.554238
3.585452 3.562508 3.551971 3.571699 3.575648
3.581297 3.595644 3.609312 3.569967 3.60955
3.570462 3.623969 3.63308 3.640033 3.627951
3.636563 3.630985 3.573922 3.577371 3.589104
3.554741 3.556752 3.516546 3.598296 3.590076
3.593952 3.619028 3.58959 3.586915 3.599744
3.588332 3.572828 3.589552 3.589796 3.57258
3.576541 3.562607 3.587843 3.54873 3.574562
3.535688 3.528196 3.504844 3.519077 3.504047
3.497651 3.52975 3.53646 3.554304 3.614364
3.608398 3.696984 3.7561 3.746347 3.736289
3.777144 3.800919 3.788003 3.832211 3.834314
3.806629 3.757956 3.748638 3.742797 3.714787
3.812696 3.776335 3.808198 3.836603 3.860696
3.850038 3.844572 3.823563 3.800722 3.769024
3.751339 3.763505 3.760426 3.784798 3.789801
3.751339 3.761864 3.73671 3.747389 3.807413
3.80427 3.810156 3.800524 3.77431 3.781985
3.799932 3.827224 3.81172 3.844761 3.805843
3.830104 3.806432 3.784597 3.7678 3.791796
3.790999 3.830871 3.836793 3.830871 3.773498
3.703751 3.636715 3.631817 3.663573 3.711122
3.707877 3.695888 3.679972 3.630179 3.66967
3.64667 3.661532 3.67573 3.651037 3.681753
3.682643 3.6547 3.656755 3.66922 3.707227
3.694132 3.655614 3.642977 3.641821 3.59369
3.559847 3.57258 3.552787 3.51225 3.532078
3.516981 3.521691 3.55 3.549746 3.544402
3.589552 3.552534 3.538259 3.533627 3.512513
3.540823 3.569349 3.610788 3.615553 3.612459
3.602396 3.608876 3.571835 3.578351 3.538654
3.570637 3.579837 3.573879 3.561351 3.598717
3.639879 3.640345 3.572633 3.58231 3.55452
3.560846 3.578599 3.58576 3.595067 3.587236
3.593604 3.611748 3.605495 3.589935 3.652849
3.703981 3.722823 3.704418 3.715717 3.706601
3.689003 3.69321 3.691219 3.73519 3.793031
3.801594 3.79183 3.762571 3.750332 3.745939
3.759474 3.754705 3.671992 3.675148 3.680757
3.6974 3.653769 3.650545 3.650545 3.608386
3.529065 3.536847 3.526719 3.502678 3.436356
3.45251 3.508012 3.454757 3.405602 3.438068
3.451103 3.456158 3.505349 3.473101 3.466746
3.464527 3.492466 3.495971 3.490573 3.436356
3.381145 3.363478 3.364706 3.316284 3.213569
3.265398 3.237208 3.330042 3.271144 3.310792
3.445174 3.362248 3.47832 3.560089 3.539428
3.568636 3.510668 3.524367 3.580827 3.5438
3.56412 3.385062 3.434926 3.371436 3.397615
3.571136 3.57959 3.442622 3.426305 3.383557
3.249682 3.213569 3.357003 3.239645 3.085784
3.043948 3.129442 2.994967 3.112602 3.209634
3.278197 3.197373 3.151337 3.247268 3.260641
3.195194 3.21891 3.280537 3.23021 3.1236
3.232664 3.184225 3.144474 3.129442 3.157775
3.169409 3.45054 3.435784 3.416153 3.46219
3.485753 3.518631 3.374285 3.433449 3.392495
3.387974 3.35605 3.425042 3.446641 3.539099
3.523392 3.549692 3.593193 3.622532 3.644043
3.589742 3.58826 3.568531 3.609303 3.603475
3.70263 3.675127 3.688637 3.666246 3.596632
3.572056 3.508505 3.557117 3.557117 3.525763
3.57682 3.560936 3.627538 3.642639 3.620858
3.679425 3.713597 3.688414 3.775966 3.728108
3.70769 3.672175 3.741562 3.720121 3.690425
3.675354 3.711195 3.752323 3.759641 3.713161
3.721204 3.757973 3.770622 3.732185 3.742622
3.76794 3.714905 3.718819 3.687966 3.558392
3.554307 3.561444 3.537799 3.480258 3.49149
3.450906 3.499088 3.498277 3.478604 3.393998
3.453456 3.497735 3.523128 3.514912 3.488762
3.573563 3.610755 3.610996 3.590729 3.565247
3.588507 3.596632 3.569792 3.599081 3.597368
3.644978 3.57782 3.507702 3.461067 3.466668
3.469735 3.440067 3.446641 3.457973 3.471126
3.41274 3.395798 3.476394 3.434315 3.445216
3.471682 3.511714 3.490672 3.460786 3.46219
3.430848 3.426497 3.484382 3.504211 3.537799
3.540396 3.55533 3.555841 3.592701 3.58826
3.573312 3.563728 3.560428 3.614856 3.625395
3.641468 3.644511 3.606636 3.587502 3.619352
3.616938 3.593459 3.61039 3.588746 3.615244
3.595684 3.604533 3.577495 3.554604 3.540093
3.532757 3.514179 3.530651 3.525102 3.517388
3.54867 3.496613 3.541658 3.55048 3.59815
3.592469 3.592221 3.561782 3.574473 3.576992
3.539571 3.537741 3.495249 3.502593 3.502051
3.50178 3.515518 3.523777 3.530388 3.54426
3.568148 3.557943 3.542439 3.538787 3.534858
3.526691 3.485097 3.470932 3.500423 3.521918
3.555376 3.55409 3.540354 3.521918 3.512302
3.50638 3.490872 3.513107 3.516052 3.485373
3.503135 3.50692 3.50557 3.521386 3.5053
3.518189 3.518189 3.520055 3.550996 3.526162
3.54867 3.630383 3.670814 3.667143 3.642709
3.575985 3.60771 3.612092 3.595931 3.60061
3.610147 3.599627 3.574473 3.566115 3.589492
3.563823 3.573716 3.571695 3.571695 3.599872
3.596671 3.563314 3.558969 3.574977 3.614033
3.62656 3.623683 3.614033 3.616696 3.607466
3.587004 3.588 3.586007 3.574725 3.579504
3.576992 3.572958 3.547634 3.541918 3.50638
3.574725 3.556917 3.567894 3.631337 3.654185
3.666683 3.697259 3.708351 3.706584 3.702599
3.684237 3.703264 3.726279 3.75469 3.725195
3.751315 3.744529 3.728443 3.713631 3.728227
3.719126 3.710759 3.702545 3.774358 3.819585
3.799354 3.707881 3.697405 3.662522 3.672219
3.66229 3.634285 3.641893 3.624933 3.643549
3.61379 3.624692 3.620587 3.617437 3.640945
3.647326 3.623969 3.6295 3.623728 3.638571
3.648032 3.664376 3.651792 3.654134 3.660199
3.634762 3.635477 3.621796 3.600794 3.595846
3.610373 3.58035 3.54471 3.553804 3.538425
3.546535 3.537637 3.544971 3.513155 3.557419
3.544449 3.5379 3.49494 3.548357 3.510997
3.545753 3.53395 3.561021 3.555871 3.563329
3.57909 3.611106 3.612571 3.589627 3.572003
3.555097 3.580098 3.57909 3.589127 3.611351
3.623487 3.611106 3.625896 3.608661 3.601288
3.579594 3.589127 3.587878 3.584623 3.603752
3.602274 3.595846 3.591372 3.590126 3.573779
3.540525 3.527332 3.547577 3.552251 3.550955
3.561791 3.580602 3.58035 3.573779 3.60964
3.615007 3.624451 3.610129 3.598076 3.604244
3.591372 3.57909 3.58186 3.563329 3.575046
3.592368 3.598076 3.602767 3.623004 3.648738
3.660896 3.689983 3.668075 3.680913 3.686139
3.730245 3.698972 3.70455 3.746377 3.739526
3.722409 3.750847 3.72481 3.729812 3.693589
3.679317 3.668997 3.712306 3.701876 3.701495
3.693393 3.69113 3.708198 3.706192 3.68977
3.685907 3.72804 3.72103 3.700149 3.692941
3.700374 3.672152 3.688181 3.695424 3.73435
3.753898 3.729131 3.732613 3.742129 3.744064
3.776404 3.771817 3.763003 3.781383 3.731091
3.725854 3.71993 3.731526 3.697002 3.711088
3.714634 3.701271 3.697452 3.707084 3.687727
3.674227 3.681343 3.683171 3.686817 3.68454
3.667524 3.627784 3.632118 3.641207 3.647378
3.6521 3.673536 3.675148 3.702392 3.698802
3.708643 3.694296 3.711532 3.705299 3.723226
3.729567 3.74299 3.746639 3.751555 3.740406
3.741914 3.773905 3.791677 3.797513 3.802198
3.817124 3.771032 3.769144 3.758162 3.775843
3.760495 3.72798 3.742538 3.721613 3.743616
3.738864 3.758799 3.767252 3.773127 3.778343
3.790958 3.782082 3.765778 3.756249 3.782704
3.789107 3.767883 3.776051 3.758162 3.781045
3.799553 3.787871 3.799553 3.797309 3.806254
3.799756 3.788283 3.788077 3.754332 3.756249
3.748131 3.761765 3.766199 3.772917 3.754971
3.778759 3.800367 3.794241 3.800978 3.791369
3.801995 3.800978 3.847294 3.842817 3.854263
3.85869 3.842817 3.83025 3.817924 3.826687
3.829262 3.832224 3.839494 3.856383 3.848847
3.857152 3.856825 3.844014 3.877062 3.884218
3.889272 3.901519 3.920338 3.91143 3.88759
3.895786 3.894301 3.903362 3.888712 3.874033
3.859136 3.866804 3.872136 3.871566 3.859136
3.86029 3.859329 3.881211 3.871376 3.881023
3.851797 3.817287 3.801717 3.793943 3.794559
3.809229 3.806597 3.756061 3.749856 3.756061
3.775704 3.769831 3.754566 3.744259 3.738849
3.735588 3.771092 3.737546 3.766881 3.768568
3.776332 3.75734 3.785487 3.76941 3.764557
3.789002 3.773191 3.767935 3.75478 3.779879
3.793327 3.799882 3.818691 3.83676 3.841275
3.858174 3.827377 3.838464 3.848065 3.869862
3.870434 3.844549 3.850402 3.852928 3.838661
3.822587 3.805234 3.810715 3.81536 3.791297
3.780297 3.776953 3.799928 3.808891 3.807064
3.84357 3.829167 3.832738 3.817574 3.81031
3.824386 3.830557 3.811322 3.818378 3.868907
3.8622 3.852346 3.863161 3.835901 3.829763
3.825783 3.847675 3.84748 3.853898 3.857768
3.867952 3.882376 3.812737 3.776743 3.789024
3.786538 3.78861 3.766005 3.744826 3.740709
3.724733 3.726717 3.738536 3.730453 3.690855
3.682145 3.686509 3.694727 3.694272 3.695408
3.699036 3.703553 3.73133 3.742011 3.746986
3.749664 3.751388 3.750311 3.742955 3.721222
3.716996 3.711633 3.702856 3.682764 3.680224
3.66555 3.658014 3.664142 3.675589 3.657304
3.656358 3.65825 3.673496 3.687596 3.673962
3.66226 3.664846 3.678373 3.692861 3.692632
3.692404 3.703534 3.711857 3.704212 3.706241
3.708042 3.73006 3.755256 3.742086 3.744257
3.764013 3.746423 3.757185 3.760605 3.77648
3.7638 3.762949 3.741868 3.739038 3.732037
3.7559 3.769949 3.728298 3.717442 3.740128
3.759964 3.819634 3.820237 3.807493 3.819433
3.810542 3.816209 3.811151 3.831629 3.857523
3.827248 3.789623 3.81257 3.826449 3.807307
3.822698 3.824505 3.835875 3.866153 3.888605
3.899086 3.915704 3.911667 3.883323 3.88105
3.869803 3.867691 3.876681 3.883512 3.899272
3.896849 3.831302 3.781047 3.806082 3.798287
3.774531 3.786896 3.809549 3.799522 3.768609
3.788353 3.819074 3.795813 3.813816 3.806899
3.786688 3.802397 3.792504 3.782512 3.737147
3.720815 3.72037 3.753863 3.787729 3.790638
3.799316 3.83746 3.811583 3.833492 3.850835
3.8763 3.871144 3.895916 3.8763 3.871335
3.867115 3.899272 3.88804 3.893672 3.879153
3.840623 3.830904 3.824906 3.84692 3.832099
3.818469 3.830705 3.85387 3.859521 3.908431
3.898016 3.867455 3.853284 3.861849 3.865525
3.846812 3.844447 3.815025 3.795746 3.757329
3.742587 3.761195 3.753663 3.778198 3.77883
3.767605 3.767392 3.730945 3.748684 3.750419
3.792427 3.804406 3.807481 3.807685 3.807685
3.814822 3.825331 3.823721 3.819281 3.826135
3.805227 3.800498 3.768031 3.758404 3.774609
3.745858 3.802145 3.810138 3.819686 3.816243
3.819686 3.816243 3.824929 3.801939 3.808299
3.812991 3.808708 3.808094 3.794917 3.789097
3.782194 3.780093 3.789723 3.765046 3.794917
3.82009 3.819079 3.807276 3.803985 3.818506
3.778953 3.777473 3.768975 3.758465 3.744133
3.743476 3.743038 3.73821 3.734683 3.72648
3.680002 3.695277 3.697113 3.685352 3.693668
3.689288 3.683959 3.701231 3.707376 3.698487
3.683959 3.682332 3.690904 3.7026 3.671807
3.639064 3.623146 3.630279 3.652338 3.640521
3.65879 3.647049 3.630034 3.634193 3.627088
3.629053 3.609476 3.592567 3.588742 3.593585
3.593585 3.607472 3.609476 3.607723 3.580017
3.546471 3.550992 3.550461 3.524646 3.54993
3.554171 3.534944 3.52301 3.483495 3.497028
3.563385 3.555756 3.570956 3.624133 3.622899
3.641006 3.641006 3.608744 3.621247 3.629907
3.702589 3.705334 3.703733 3.652801 3.610001
3.61851 3.605214 3.605467 3.606476 3.611257
3.62224 3.644338 3.640445 3.641176 3.602433
3.585836 3.600659 3.559488 3.552325 3.548858
3.57314 3.602686 3.586608 3.579119 3.552059
3.546986 3.52013 3.500415 3.486579 3.491118
3.492815 3.484017 3.471972 3.484017 3.480304
3.456562 3.445662 3.467055 3.424104 3.407318
3.425919 3.423196 3.413149 3.405777 3.417728
3.451569 3.440316 3.447733 3.461531 3.451569
3.44921 3.460364 3.498731 3.498731 3.510182
3.523149 3.544842 3.560545 3.549125 3.541887
3.545647 3.53519 3.537638 3.569717 3.560997
3.563118 3.576796 3.602329 3.583305 3.579926
3.588999 3.628716 3.650063 3.647876 3.64544
3.661169 3.655873 3.660449 3.631935 3.627475
3.628468 3.644708 3.647389 3.649821 3.645196
3.636867 3.654182 3.648606 3.610697 3.605888
3.596455 3.577579 3.569191 3.6008 3.598757
3.579144 3.583824 3.596711 3.587191 3.578362
3.601819 3.598502 3.610697 3.627475 3.63045
3.530823 3.493766 3.487216 3.495184 3.519545
3.530823 3.517884 3.509816 3.496883 3.457934
3.436825 3.451441 3.463801 3.465555 3.476588
3.480048 3.49263 3.486359 3.469925 3.480685
3.482708 3.478368 3.451927 3.462293 3.437836
3.437836 3.442355 3.457272 3.450438 3.480396
3.459933 3.461704 3.461704 3.446255 3.447751
3.440851 3.442956 3.449543 3.471093 3.460524
3.487891 3.49533 3.46641 3.468169 3.451332
3.43844 3.440249 3.462588 3.45579 3.454306
3.464941 3.4549 3.45163 3.456679 3.468169
3.480106 3.466703 3.44805 3.434812 3.426907
3.430564 3.418016 3.395907 3.406555 3.413076
3.416474 3.421398 3.424768 3.429346 3.414004
3.420476 3.394646 3.417091 3.397794 3.399364
3.365538 3.370718 3.37555 3.39748 3.411927
3.398112 3.386665 3.351848 3.324661 3.321594
3.365333 3.341865 3.337507 3.333131 3.343535
3.321935 3.318859 3.318859 3.331443 3.333131
3.331443 3.355484 3.346203 3.332793 3.322276
3.341865 3.339856 3.327718 3.301252 3.243171
3.253088 3.244646 3.230914 3.245751 3.155253
3.162882 3.076888 2.954627 2.900998 2.843778
2.858528 2.869852 2.861236 2.834933 2.908248
2.912367 2.878395 2.914421 2.932714 2.906699
2.925132 2.94721 2.962478 2.929688 3.012059
2.991382 2.993753 2.964431 2.98184 2.926653
2.920046 2.892123 2.93372 2.950184 2.94572
2.924117 2.942734 2.93372 2.976411 3.051503
3.045552 3.053782 3.036327 3.044633 3.040488
2.989851 2.999993 2.959792 2.969747 2.961291
2.95226 2.947713 2.921551 2.885029 2.803638
2.838689 2.814109 2.792465 2.7054 2.709906
2.773962 2.693719 2.706045 2.693066 2.643524
2.64421 2.649682 2.651727 2.727729 2.704754
2.717583 2.775166 2.758176 2.758176 2.807141
2.868725 2.892013 2.836428 2.852707 2.870367
2.859919 2.839253 2.797773 2.824472 2.819304
2.752652 2.752652 2.832458 2.854931 2.89522
2.87691 2.923628 2.981564 2.960792 2.957287
2.989851 2.95829 2.988393 3.014306 3.033542
2.99179 2.975731 2.996733 2.968299 2.988482
2.982617 2.960311 2.956796 2.958806 2.914674
2.921992 2.867954 2.876167 2.898276 2.904656
2.995282 2.95981 2.917294 2.905185 2.918863
2.926669 2.915723 2.917294 2.92095 2.890244
2.912573 2.894 2.887552 2.900939 2.87289
2.876712 2.887013 2.846842 2.882688 2.870151
2.914674 2.915199 2.939034 2.986043 2.968797
3.009221 3.014932 3.018722 2.997699 3.037458
2.976717 2.896675 2.915723 2.919907 2.91834
2.910468 2.915199 2.912047 2.90783 2.914674
2.90783 2.906244 2.881062 2.894 2.854115
2.845719 2.812573 2.817211 2.817211 2.823168
2.828919 2.838619 2.775934 2.774118 2.786758
2.766824 2.766213 2.803954 2.855511 2.820281
2.83121 2.847101 2.863298 2.873221 2.864959
2.842586 2.851595 2.844846 2.882503 2.897606
2.871574 2.89921 2.942616 2.930775 2.944661
2.949247 2.933878 2.927144 2.956844 2.952292
2.940054 2.954824 2.961876 2.995929 3.040992
3.018951 3.005586 3.034944 3.017053 2.995929
3.012768 3.053437 3.035877 3.036343 3.034477
3.024625 2.9935 2.988624 3.008944 3.031204
3.040992 3.005586 3.064824 3.077426 3.074739
3.057095 3.118176 3.118176 3.128003 3.120749
3.113209 3.109308 3.088689 3.096196 3.091787
3.085581 3.077994 3.067183 3.058997 3.063098
3.091345 3.107135 3.116232 3.091345 3.088245
3.053503 3.055337 3.052584 3.005057 3.001194
2.958192 2.96574 2.980171 2.952113 2.955157
2.992447 2.980171 2.983131 2.975218 2.994885
2.997802 2.994885 2.990493 2.999257 2.986574
2.977698 2.958697 2.918527 2.936236 2.94753
2.930021 2.955157 2.923245 2.935203 2.923768
2.90477 2.924291 2.922199 2.915369 2.907431
2.894596 2.905835 2.91273 2.907962 2.913787
2.879411 2.86621 2.871181 2.880504 2.86787
2.860657 2.863993 2.823217 2.8112 2.815884
2.843536 2.828653 2.834403 2.832107 2.84126
2.83898 2.833256 2.850331 2.8582 2.874858
2.890159 2.886356 2.895567 2.91374 2.946051
2.926372 2.945538 2.922179 2.923753 2.932108
2.931588 2.9481 2.949634 2.937295 2.935224
2.9481 2.968866 2.978345 2.959296 3.006253
2.983298 2.956763 2.985272 3.002383 3.001898
2.996549 2.981814 2.977848 2.954223 2.981319
2.980329 2.979833 2.978345 2.956255 2.965854
2.960308 2.973866 2.980329 2.996549 2.99362
3.017298 3.011551 3.012031 3.002868 3.003836
3.000928 2.998011 2.980329 2.969868 2.95879
2.968866 2.956983 2.961551 2.97363 2.949837
2.940056 2.896709 2.903707 2.889116 2.897249
2.886391 2.903171 2.886936 2.879269 2.878719
2.862639 2.84174 2.817476 2.811611 2.822725
2.807485 2.818061 2.812787 2.794405 2.779938
2.781758 2.777506 2.745345 2.740936 2.702321
2.747229 2.725027 2.693754 2.716006 2.702321
2.719237 2.694416 2.714711 2.705596 2.691103
2.695077 2.698376 2.683777 2.693092 2.64145
2.599436 2.572158 2.584046 2.547952 2.504126
2.541036 2.602341 2.535625 2.562395 2.551773
2.605238 2.622442 2.689111 2.623863 2.654613
2.648399 2.633047 2.67505 2.658396 2.64244
2.587829 2.626225 2.590779 2.622666 2.590779
2.563155 2.567687 2.606124 2.599576 2.595187
2.56844 2.484436 2.468753 2.514289 2.535525
2.515084 2.468753 2.451127 2.468753 2.481976
2.515877 2.509508 2.536302 2.532407 2.570696
2.558602 2.530844 2.550202 2.590779 2.528496
2.500683 2.59372 2.627646 2.636127 2.702159
2.735204 2.746611 2.718494 2.743456 2.770889
2.741558 2.722375 2.770274 2.767809 2.735841
2.768426 2.769658 2.719142 2.726884 2.710033
2.696875 2.700181 2.698199 2.681526 2.704134
2.756643 2.765338 2.754144 2.735841 2.751198
2.75685 2.774846 2.759351 2.734049 2.70017
2.709405 2.643596 2.595472 2.595472 2.621617
2.588827 2.593262 2.586603 2.564079 2.612254
2.618746 2.626622 2.644297 2.640787 2.63797
2.631603 2.640083 2.634438 2.614423 2.706116
2.68951 2.742343 2.724394 2.721803 2.73533
2.755596 2.732767 2.73469 2.745514 2.720505
2.73469 2.732126 2.743613 2.702817 2.716601
2.710061 2.728267 2.758101 2.772383 2.738524
2.752457 2.753714 2.74678 2.708091 2.720505
2.719856 2.725686 2.721154 2.748676 2.74678
2.746147 2.746147 2.711373 2.703478 2.706775
2.701494 2.702156 2.664416 2.670056 2.693107
2.679612 2.686382 2.690423 2.694447 2.673479
2.64646 2.643647 2.64646 2.647162 2.620133
2.619412 2.640119 2.612897 2.638705 2.651364
2.63516 2.612171 2.612897 2.612897 2.598266
2.587896 2.584166 2.581921 2.574402 2.584913
2.609988 2.563017 2.564543 2.545304 2.541411
2.531219 2.523308 2.513731 2.473643 2.424018
2.250082 2.260467 2.251126 2.210695 2.238534
2.185405 2.178701 2.228985 2.205251 2.215028
2.184291 2.150274 2.186518 2.213947 2.28294
2.297977 2.346531 2.305906 2.299966 2.322549
2.289985 2.326425 2.367169 2.343683 2.249038
2.23005 2.156024 2.196271 2.238462 2.20726
2.178433 2.177308 2.137095 2.133572 2.145268
2.108556 2.100076 2.125303 2.104931 2.108556
2.171661 2.189619 2.182922 2.159125 2.084135
2.060369 2.159125 2.16256 2.120547 2.114569
2.132395 2.09642 2.153375 2.186276 2.24585
2.239521 2.226741 2.279962 2.265632 2.350579
2.34202 2.306042 2.278945 2.321759 2.279962
2.293087 2.316874 2.284018 2.298089 2.31098
2.32662 2.301079 2.312948 2.318831 2.290073
2.265632 2.232086 2.272823 2.251094 2.2615
2.302073 2.301079 2.312948 2.222445 2.258389
2.300083 2.252139 2.246901 2.279962 2.276908
2.288797 2.244391 2.281701 2.31472 2.288797
2.307807 2.376734 2.335179 2.321587 2.346684
2.343821 2.360883 2.267356 2.275579 2.35049
2.267356 2.307807 2.341907 2.338068 2.360883
2.380427 2.346684 2.32354 2.322564 2.376734
2.366506 2.411283 2.509108 2.47448 2.447267
2.419293 2.441214 2.385025 2.437739 2.44899
2.395066 2.463514 2.4728 2.494414 2.579505
2.591517 2.627431 2.603386 2.630307 2.63746
2.623825 2.68886 2.731279 2.780656 2.805062
2.741608 2.775702 2.811671 2.82653 2.775702
2.78497 2.850431 2.844654 2.861316 2.921035
2.908613 2.908449 2.902991 2.931587 2.878052
2.900799 2.92304 2.903538 2.912253 2.880294
2.89585 2.93795 2.912795 2.896401 2.941116
2.989957 2.953161 2.948465 2.953161 2.937421
2.862215 2.885878 2.886434 2.907905 2.878052
2.8679 2.875805 2.8679 2.913337 2.903538
2.947942 2.980884 3.044156 3.036043 3.021078
2.983917 2.998948 3.005885 3.027864 2.996458
3.032203 3.013756 3.017667 3.031722 3.0413
3.090136 3.187795 3.174116 3.147471 3.110357
3.133225 3.168676 3.112134 3.141452 3.163627
3.144896 3.169934 3.192723 3.216206 3.130613
3.165734 3.170353 3.099623 3.111246 3.098273
3.074831 3.069278 3.086301 3.093121 3.100345
3.210149 3.188143 3.178205 3.193485 3.214171
3.217778 3.253145 3.234438 3.276801 3.256614
3.249664 3.229706 3.199206 3.226936 3.2053
3.281691 3.316718 3.289912 3.292514 3.315993
3.355799 3.370327 3.401099 3.368953 3.368953
3.363435 3.290656 3.307984 3.319973 3.319973
3.330034 3.334316 3.256998 3.284314 3.295849
3.265043 3.293627 3.338933 3.332177 3.349157
3.391395 3.377172 3.370327 3.330034 3.338578
3.337869 3.345995 3.338578 3.338224 3.323938
3.30908 3.286557 3.290284 3.275292 3.272645
3.254303 3.155477 3.162265 3.163955 3.176386
3.127199 3.104138 3.148882 3.160823 3.19663
3.193763 3.171365 3.130263 3.14329 3.125444
3.120601 3.145875 3.130263 3.122805 3.122805
3.199081 3.184698 3.172203 3.16674 3.144152
3.160823 3.160399 3.145445 3.125883 3.015045
3.04785 3.024806 3.040228 3.022861 3.045474
3.05164 3.025291 3.037833 3.066657 3.121924
3.11396 3.116178 3.095125 3.116622 3.101892
3.115735 3.1307 3.161247 3.205182 3.188004
3.199489 3.198673 3.144583 3.128951 3.138099
3.054944 2.998728 2.988708
