314.62 315.29 314.71 314.85 314.98
315.94 315.91 315.61 315.31 315.61
315.7 315.88 315.62 315.56 315.5
315.92 315.66 315.81 316.55 316.19
316.78 316.52 316.51 316.47 316.49
316.86 317.24 317.36 317.3 316.92
316.87 316.76 316.98 317.13 317.03
317.28 317.47 317.27 317.7 317.48
317.7 317.8 317.49 318.35 318.13
317.94 318.06 318.11 318.57 318.45
318.2 318.27 318.67 318.48 319.03
318.33 318.62 318.61 318.91 318.68
318.69 319.09 319.39 319.16 318.77
318.83 319.06 319 319.1 319.25
319.67 319.61 319.55 319.48 319.42
319.69 319.58 319.81 319.56 319.78
319.72 319.59 319.48 319.97 319.65
319.8 319.36 319.65 320.51 319.93
320.68 320.36 320.87 320.26 320.63
321.1 321.16 321.51 321.18 321.52
321.49 321.5 321.54 321.18 321.84
321.95 322.07 321.94 321.72 322.05
322.27 321.94 321.66 322.04 322.19
322.36 322.78 322.86 322.55 322.56
322.59 322.73 322.87 323.2 323.25
323.15 323.31 323.32 323.32 323.69
323.98 323.89 324.41 324.35 324.57
324.63 325.08 324.8 325.28 324.84
324.78 324.88 325.04 325.42 325.69
325.86 325.27 325.52 325.51 325.76
325.93 326.15 325.96 326.06 326.25
326.1 325.94 325.47 326.11 326.4
326.45 326.49 326.19 326.58 326.82
327.02 326.85 327.04 326.53 327.42
327.23 326.92 327.2 327.37 327.76
328.06 328.5 328.55 328.58 328.86
328.99 329.14 329.62 329.94 330.05
330.42 330.45 330.24 330.16 329.66
329.45 330.12 330.2 330.26 330.27
329.94 330.23 330.26 330.28 330.36
330.28 330.55 330.89 330.93 330.54
330.67 330.98 331.2 331.12 331.11
331.48 331.46 331.41 331.6 331.79
332.2 332.04 332.13 331.84 331.65
332.14 331.88 331.94 331.92 332.29
332.66 332.76 332.51 333.35 333.51
333.98 333.8 334.02 333.91 334.36
334.52 334.64 334.61 335.01 334.58
335 335.06 335.06 335.59 335.57
335.87 335.51 335.68 335.99 335.88
336.22 336.01 336.54 336.24 336.21
336.84 336.72 337.24 337.2 337.53
337.57 337.79 338.09 337.82 338.43
338.3 338.43 338.84 338.54 339.12
339.33 339.42 339.42 339.26 339.38
339.93 340.06 339.94 339.98 340.07
339.92 339.86 340.17 340.43 340.74
340.79 341.1 341.1 341.21 341.37
341.56 341.35 341.55 341.51 341.47
341.65 341.73 341.79 341.84 342.32
341.82 342.67 342.87 343.15 343.44
343.66 343.49 343.72 343.71 343.96
344.2 344.22 344.09 344.27 344.45
344.51 344.77 344.95 344.58 345
345.2 345.57 345.31 345.61 346.37
345.79 345.91 345.93 345.9 346.35
346.4 346.42 346.61 346.81 346.59
346.74 346.68 347.22 347.26 347.52
347.33 347.42 348.36 347.77 348.04
348.12 348.46 348.02 348.29 348.76
349.01 349.19 349.39 349.36 349.71
349.86 350.07 350.05 350.38 350.94
350.87 351.01 351.06 351.36 352.02
351.92 352.14 352.41 352.34 352.34
352.85 352.54 352.47 352.97 352.67
352.97 353.31 353.39 353.33 353.52
353.65 353.8 353.74 354.33 354.23
353.68 354.16 353.96 354.2 354.62
354.61 354.88 355.13 355.19 354.82
355.02 355.67 356.02 356 355.8
355.59 355.46 355.56 355.62 355.8
355.93 356.2 356.38 356.27 356.39
356.41 356.97 356.44 356.62 356.29
356.63 356.38 356.39 356.96 356.44
356.76 356.59 357.03 357.12 356.76
357.32 357.39 357.49 357.54 357.8
358.13 358.09 358.29 358.46 358.46
358.44 358.79 359.16 359.17 359.49
359.68 359.83 359.79 360.05 360.22
360.62 360.58 360.84 360.97 360.73
361.55 361.37 361.59 361.53 361.85
362.35 362.53 361.86 362.1 362.69
362.85 362.98 362.99 362.97 363.03
363.08 362.88 363.22 362.88 363.68
363.74 363.41 363.6 363.84 363.68
364.12 364.56 365.15 365.07 365.17
365.6 366.03 366.55 366.8 367.14
367.55 367.37 367.67 367.56 367.88
367.96 368.26 368.08 368.45 368.15
368.13 368.77 368.48 368.13 368.64
368.71 368.77 369.08 368.83 369.09
369.28 368.71 369.5 369.2 369.72
370.3 370.26 370.32 370.3 370.43
370.78 370.87 370.81 370.94 370.99
370.9 371.22 371.44 371.69 371.74
371.92 372.3 372.33 372.44 372.37
372.81 373.3 373.42 373.52 374.11
373.88 374.34 374.54 374.63 374.77
374.8 375.06 375.55 376.03 376.19
376.08 376.48 376.47 376.81 376.75
376.78 377.02 377.23 377.62 377.48
377.39 376.94 377.74 377.62 377.82
378.31 378.31 378.21 378.93 379.27
379.65 379.31 379.88 380.18 380.42
380.01 380.3 380.5 380.9 381.14
381.38 381.14 381.91 381.87 381.75
381.91 382.08 382.16 382.46 382.33
382.64 382.67 383.01 382.94 383.71
383.34 383.84 384.02 383.7 384.32
384.47 384.65 384.83 385.28 384.96
384.48 384.58 385.45 385.46 385.8
385.75 386.46 386.27 386.37 386.41
386.63 386.59 387.32 386.92 387.02
387.24 387.55 387.8 388.01 387.68
388.16 388.23 388.41 389.26 389.65
389.89 389.88 389.89 389.72 390.01
390.14 390.53 390.79 390.6 391.03
390.94 391.07 390.63 391.02 391.44
392.04 391.83 392.4 392.33 392.44
392.66 392.89 393.04 392.8 393.43
393.54 393.45 393.92 394.17 394.54
394.41 395.02 395.04 395.38 395.98
395.81 395.56 396.46 396.3 396.91
397.04 396.94 397.05 397.2 397.61
397.69 397.2 398.15 398.53 398.45
398.95 398.69 398.87 398.87 399.38
399.31 399.68 399.81 399.47 399.92
400.43 400.63 400.5 400.9 400.77
401.12 401.65 402.19 402.62 402.36
403.22 403.21 404.57 404.38 404.51
403.98 404.09 404.52 404.93 405.57
405.25
