0.72796 0.72791 0.73105 0.73703 0.73893
0.73986 0.74195 0.74145 0.74058 0.74521
0.74688 0.74655 0.74806 0.74705 0.7489
0.74549 0.74156 0.7441 0.7461 0.74333
0.74189 0.74223 0.74449 0.74455 0.74455
0.74173 0.74118 0.73975 0.73768 0.73779
0.73915 0.74085 0.73986 0.73665 0.73556
0.73551 0.73411 0.73427 0.73551 0.73212
0.73131 0.7318 0.73142 0.72998 0.73094
0.73292 0.73099 0.72939 0.73174 0.73335
0.73362 0.73357 0.73025 0.72786 0.72543
0.72527 0.72469 0.72569 0.72595 0.7277
0.72616 0.72239 0.7214 0.72072 0.72015
0.71839 0.71979 0.72056 0.72067 0.7187
0.71551 0.71505 0.71602 0.71556 0.71567
0.71464 0.71551 0.71659 0.71736 0.71803
0.71608 0.71454 0.71551 0.71582 0.72025
0.72301 0.72406 0.72579 0.7238 0.72301
0.7186 0.71963 0.72155 0.72155 0.72516
0.72993 0.72706 0.73158 0.72908 0.72733
0.72632 0.72348 0.7227 0.72411 0.72417
0.7259 0.72791 0.7269 0.72669 0.7226
0.72124 0.72134 0.72103 0.72343 0.72543
0.72244 0.72166 0.72103 0.72036 0.71808
0.71984 0.71901 0.71695 0.72396 0.72401
0.72406 0.72606 0.72823 0.7277 0.72669
0.72764 0.72844 0.72812 0.72971 0.73073
0.72971 0.72807 0.72564 0.72764 0.72754
0.72375 0.72406 0.72296 0.72207 0.72124
0.72187 0.72401 0.7239 0.72495 0.72401
0.72114 0.72082 0.71803 0.71788 0.71782
0.71726 0.71917 0.71927 0.72036 0.71715
0.71746 0.71669 0.71695 0.71865 0.717
0.71849 0.72067 0.7202 0.72244 0.72301
0.72187 0.72348 0.72312 0.72239 0.72207
0.71855 0.71772 0.71849 0.7186 0.7202
0.71865 0.71942 0.72025 0.71942 0.72082
0.72254 0.7227 0.72233 0.72359 0.72527
0.72764 0.72913 0.72918 0.72849 0.72865
0.72738 0.72506 0.72359 0.7214 0.72119
0.72155 0.72213 0.72005 0.71886 0.71968
0.7186 0.71541 0.70982 0.71301 0.71073
0.70962 0.71083 0.7124 0.71418 0.71337
0.70952 0.71058 0.70982 0.71028 0.70796
0.70691 0.70711 0.70671 0.70383 0.70587
0.70378 0.70532 0.70185 0.70205 0.70215
0.70195 0.70343 0.70532 0.70304 0.70289
0.70328 0.70309 0.70225 0.70048 0.70388
0.70378 0.70244 0.70284 0.7021 0.69774
0.69711 0.69648 0.69677 0.69483 0.69614
0.69974 0.70175 0.70087 0.69876 0.6992
0.69871 0.70107 0.6972 0.69638 0.69711
0.69604 0.69623 0.69531 0.69488 0.69262
0.68927 0.68705 0.68966 0.68766 0.68648
0.68311 0.68667 0.68842 0.68923 0.68842
0.69488 0.70003 0.69662 0.69979 0.69614
0.69527 0.693 0.6918 0.69435 0.69696
0.70274 0.70408 0.70205 0.70314 0.70244
0.70353 0.70249 0.70343 0.70502 0.70328
0.70403 0.70512 0.70706 0.70721 0.71048
0.70872 0.70942 0.70746 0.70597 0.70492
0.70532 0.70522 0.70338 0.70467 0.70922
0.70817 0.70671 0.70309 0.70592 0.70557
0.70472 0.70378 0.70502 0.70314 0.702
0.70175 0.69828 0.69696 0.69478 0.69604
0.69955 0.70033 0.69886 0.69808 0.69711
0.69672 0.69507 0.69507 0.6956 0.6992
0.69754 0.69691 0.69507 0.69507 0.69449
0.69599 0.69764 0.69832 0.69233 0.6907
0.68942 0.68966 0.68975 0.69094 0.68985
0.68999 0.68762 0.68658 0.68714 0.68629
0.68658 0.68776 0.68823 0.68705 0.68568
0.68549 0.68484 0.68185 0.68032 0.68101
0.67861 0.68004 0.68334 0.68097 0.68041
0.67976 0.68046 0.68041 0.68185 0.6806
0.67944 0.67953 0.68134 0.68152 0.67879
0.67898 0.6782 0.67751 0.6759 0.67636
0.67618 0.67349 0.67168 0.67191 0.67213
0.67024 0.66872 0.66867 0.66756 0.66511
0.66556 0.66516 0.663 0.66177 0.66059
0.65963 0.65415 0.65703 0.65894 0.65742
0.66007 0.65911 0.65846 0.65617 0.65424
0.65223 0.65372 0.64859 0.64558 0.64491
0.64012 0.63432 0.63776 0.63605 0.64379
0.65062 0.64969 0.65544 0.65535 0.65772
0.6605 0.66103 0.65959 0.6668 0.66516
0.65535 0.65389 0.65475 0.65385 0.65496
0.66146 0.66116 0.66181 0.66627 0.65535
0.65104 0.64483 0.64193 0.64445 0.65411
0.64817 0.64662 0.64599 0.64704 0.64683
0.64809 0.64558 0.64998 0.6435 0.64796
0.64725 0.64914 0.64847 0.64537 0.6483
0.65283 0.65625 0.65625 0.65894 0.65295
0.65159 0.64696 0.64591 0.64425 0.64379
0.64549 0.64288 0.64733 0.64516 0.64545
0.64998 0.65209 0.65189 0.6521 0.65232
0.65075 0.6521 0.65189 0.65049 0.64742
0.64809 0.64897 0.64876 0.64935 0.64859
0.6499 0.64838 0.64746 0.64566 0.64404
0.64454 0.64466 0.64458 0.64566 0.65338
0.65518 0.65794 0.66212 0.66146 0.66072
0.6641 0.66273 0.65411 0.65402 0.65428
0.65385 0.65368 0.6569 0.66085 0.65885
0.66028 0.65777 0.65759 0.65531 0.66339
0.66295 0.66124 0.66076 0.6697 0.67213
0.67222 0.6697 0.66957 0.67159 0.6702
0.66943 0.66689 0.66698 0.67249 0.67101
0.66809 0.66818 0.66729 0.66414 0.66339
0.65664 0.6579 0.65488 0.65557 0.65928
0.65985 0.65924 0.65621 0.65681 0.65625
0.65466 0.65424 0.65716 0.65802 0.65994
0.66357 0.66388 0.66494 0.66216 0.66076
0.66111 0.66116 0.6626 0.66631 0.66711
0.66516 0.6664 0.66716 0.66578 0.66925
0.6711 0.66984 0.67092 0.67322 0.67449
0.67137 0.67155 0.67517 0.67732 0.67613
0.67631 0.67728 0.6818 0.68606 0.68942
0.68814 0.68681 0.68681 0.68573 0.68507
0.68752 0.68456 0.68498 0.68315 0.68479
0.6847 0.68217 0.68227 0.68517 0.68502
0.67916 0.67792 0.67935 0.67705 0.67408
0.67563 0.67741 0.68041 0.67889 0.68036
0.67926 0.68484 0.68474 0.68502 0.68283
0.68554 0.68446 0.68297 0.67912 0.68027
0.67875 0.67995 0.68343 0.68055 0.67765
0.67935 0.68283 0.68152 0.68111 0.68027
0.68041 0.67884 0.67508 0.67454 0.67536
0.67458 0.67458 0.67042 0.67051 0.66622
0.66556 0.66335 0.66234 0.66085 0.66181
0.66313 0.66388 0.66912 0.67137 0.66912
0.66498 0.66529 0.66667 0.67083 0.67354
0.67673 0.67508 0.67627 0.67431 0.66957
0.6693 0.66867 0.66858 0.66849 0.66551
0.67024 0.66993 0.66854 0.67308 0.66925
0.67078 0.66961 0.67231 0.67554 0.67806
0.68027 0.67856 0.67778 0.67751 0.67843
0.67613 0.67926 0.68111 0.67783 0.67861
0.67967 0.68292 0.6832 0.68027 0.67921
0.68036 0.68092 0.6805 0.67967 0.67856
0.67797 0.67513 0.67481 0.67331 0.66894
0.67078 0.67105 0.67345 0.67732 0.67833
0.67967 0.67986 0.67926 0.67944 0.68106
0.68087 0.68087 0.68264 0.68357 0.68097
0.67852 0.67963 0.68414 0.68259 0.68055
0.68148 0.68306 0.68385 0.68409 0.68273
0.68087 0.68097 0.68111 0.67806 0.67898
0.67833 0.67572 0.67609 0.67833 0.67801
0.676 0.67843 0.67645 0.67586 0.67476
0.67422 0.67636 0.67677 0.67581 0.67631
0.67728 0.67866 0.68111 0.68932 0.68823
0.69286 0.68871 0.68904 0.68629 0.68493
0.68663 0.6862 0.68743 0.68994 0.68999
0.68927 0.68961 0.68856 0.69061 0.69469
0.69444 0.69493 0.69551 0.6973 0.69046
0.68908 0.69066 0.693 0.69382 0.69132
0.6918 0.69085 0.69233 0.68966 0.68908
0.68747 0.68578 0.6889 0.68861 0.68927
0.68809 0.68554 0.68287 0.68592 0.68946
0.68766 0.69023 0.69094 0.6879 0.68932
0.68729 0.68837 0.68545 0.68629 0.68615
0.68442 0.68357 0.68124 0.6793 0.67879
0.68023 0.68213 0.67944 0.67902 0.68264
0.68479 0.68776 0.68714 0.68738 0.68799
0.68743 0.68828 0.68752 0.6888 0.68611
0.68442 0.68311 0.6839 0.68213 0.67732
0.67349 0.6739 0.67751 0.67907 0.67751
0.68032 0.67769 0.67613 0.67517 0.67645
0.67322 0.67024 0.66773 0.66773 0.67002
0.66912 0.66858 0.67141 0.67249 0.67159
0.67304 0.66724 0.66644 0.66876 0.66512
0.66309 0.66414 0.66489 0.66738 0.66512
0.66765 0.67065 0.67659 0.67659 0.67673
0.67641 0.67558 0.67737 0.67746 0.68069
0.68055 0.67769 0.68009 0.68245 0.68
0.67889 0.67889 0.67604 0.67472 0.67454
0.67408 0.6749 0.676 0.6739 0.67083
0.67327 0.67517 0.67568 0.6765 0.67522
0.6754 0.67376 0.67522 0.67659 0.67769
0.67797 0.67958 0.68301 0.6825 0.68194
0.6799 0.67691 0.67241 0.67168 0.67522
0.67381 0.67168 0.67168 0.6734 0.67463
0.67395 0.67349 0.67245 0.67705 0.67765
0.67824 0.67709 0.67778 0.67227 0.67254
0.67449 0.67372 0.67249 0.6759 0.67926
0.67866 0.67774 0.67404 0.67682 0.67673
0.67572 0.67517 0.67408 0.67272 0.67372
0.67155 0.67213 0.67431 0.67241 0.67101
0.67164 0.67204 0.66849 0.66534 0.66357
0.66221 0.66423 0.66733 0.66872 0.66622
0.66618 0.6648 0.66295 0.66081 0.65829
0.65841 0.6579 0.66186 0.66098 0.663
0.66159 0.65989 0.65855 0.65479 0.65317
0.65484 0.65509 0.65227 0.65185 0.65368
0.65291 0.64821 0.64708 0.64704 0.64742
0.64487 0.64421 0.64131 0.64148 0.64321
0.64616 0.648 0.64969 0.65164 0.65066
0.64918 0.65121 0.6499 0.64691 0.64788
0.6527 0.65686 0.6582 0.65694 0.65587
0.65759 0.65924 0.65894 0.65557 0.65716
0.65707 0.65855 0.65933 0.66186 0.66353
0.66658
