110.9 114.6 115.5 117.0 135.0 132.8 122.6 123.8 128.9
126.7 139.3 135.7 135.6 146.0 140.7 147.0 163.9 194.3
200.8 193.4 190.3 188.0 196.1 215.0 201.6 203.4 222.1
228.7 216.1 200.2 189.6 173.3 169.7 161.0 151.7 167.1
174.4 189.7 187.4 178.4 165.8 164.9 171.8 175.4 165.9
157.3 161.4 159.2 142.8 138.5 134.2 126.1 124.2 122.7
123.5 118.3 112.3 105.7  97.7 105.8 106.9 110.0 114.3
118.8 117.2 126.1 120.5 125.6 132.0 134.6 130.3 137.0
136.6 137.0 138.4 142.9 140.4 136.0 140.1 148.2 146.4
158.5 163.5 187.1 181.7 181.5 181.9 190.9 186.9 180.1
184.8 174.8 169.0 178.4 175.3 178.2 182.0 188.6 190.8
192.2
